[0,0,0,75]
[0,0,1,70]
[0,0,2,65]
[0,0,3,60]
[0,0,4,55]
[0,0,5,50]
[0,0,6,45]
[0,0,7,40]
[0,0,8,35]
[0,0,9,30]
[0,0,10,25]
[0,0,11,20]
[0,0,12,15]
[0,0,13,10]
[0,0,14,5]
[0,0,15,0]
[0,1,0,65]
[0,1,1,60]
[0,1,2,55]
[0,1,3,50]
[0,1,4,45]
[0,1,5,40]
[0,1,6,35]
[0,1,7,30]
[0,1,8,25]
[0,1,9,20]
[0,1,10,15]
[0,1,11,10]
[0,1,12,5]
[0,1,13,0]
[0,2,0,55]
[0,2,1,50]
[0,2,2,45]
[0,2,3,40]
[0,2,4,35]
[0,2,5,30]
[0,2,6,25]
[0,2,7,20]
[0,2,8,15]
[0,2,9,10]
[0,2,10,5]
[0,2,11,0]
[0,3,0,45]
[0,3,1,40]
[0,3,2,35]
[0,3,3,30]
[0,3,4,25]
[0,3,5,20]
[0,3,6,15]
[0,3,7,10]
[0,3,8,5]
[0,3,9,0]
[0,4,0,35]
[0,4,1,30]
[0,4,2,25]
[0,4,3,20]
[0,4,4,15]
[0,4,5,10]
[0,4,6,5]
[0,4,7,0]
[0,5,0,25]
[0,5,1,20]
[0,5,2,15]
[0,5,3,10]
[0,5,4,5]
[0,5,5,0]
[0,6,0,15]
[0,6,1,10]
[0,6,2,5]
[0,6,3,0]
[0,7,0,5]
[0,7,1,0]
[1,0,0,50]
[1,0,1,45]
[1,0,2,40]
[1,0,3,35]
[1,0,4,30]
[1,0,5,25]
[1,0,6,20]
[1,0,7,15]
[1,0,8,10]
[1,0,9,5]
[1,0,10,0]
[1,1,0,40]
[1,1,1,35]
[1,1,2,30]
[1,1,3,25]
[1,1,4,20]
[1,1,5,15]
[1,1,6,10]
[1,1,7,5]
[1,1,8,0]
[1,2,0,30]
[1,2,1,25]
[1,2,2,20]
[1,2,3,15]
[1,2,4,10]
[1,2,5,5]
[1,2,6,0]
[1,3,0,20]
[1,3,1,15]
[1,3,2,10]
[1,3,3,5]
[1,3,4,0]
[1,4,0,10]
[1,4,1,5]
[1,4,2,0]
[1,5,0,0]
[2,0,0,25]
[2,0,1,20]
[2,0,2,15]
[2,0,3,10]
[2,0,4,5]
[2,0,5,0]
[2,1,0,15]
[2,1,1,10]
[2,1,2,5]
[2,1,3,0]
[2,2,0,5]
[2,2,1,0]
[3,0,0,0]
[0,0,0,76]
[0,0,1,71]
[0,0,2,66]
[0,0,3,61]
[0,0,4,56]
[0,0,5,51]
[0,0,6,46]
[0,0,7,41]
[0,0,8,36]
[0,0,9,31]
[0,0,10,26]
[0,0,11,21]
[0,0,12,16]
[0,0,13,11]
[0,0,14,6]
[0,0,15,1]
[0,1,0,66]
[0,1,1,61]
[0,1,2,56]
[0,1,3,51]
[0,1,4,46]
[0,1,5,41]
[0,1,6,36]
[0,1,7,31]
[0,1,8,26]
[0,1,9,21]
[0,1,10,16]
[0,1,11,11]
[0,1,12,6]
[0,1,13,1]
[0,2,0,56]
[0,2,1,51]
[0,2,2,46]
[0,2,3,41]
[0,2,4,36]
[0,2,5,31]
[0,2,6,26]
[0,2,7,21]
[0,2,8,16]
[0,2,9,11]
[0,2,10,6]
[0,2,11,1]
[0,3,0,46]
[0,3,1,41]
[0,3,2,36]
[0,3,3,31]
[0,3,4,26]
[0,3,5,21]
[0,3,6,16]
[0,3,7,11]
[0,3,8,6]
[0,3,9,1]
[0,4,0,36]
[0,4,1,31]
[0,4,2,26]
[0,4,3,21]
[0,4,4,16]
[0,4,5,11]
[0,4,6,6]
[0,4,7,1]
[0,5,0,26]
[0,5,1,21]
[0,5,2,16]
[0,5,3,11]
[0,5,4,6]
[0,5,5,1]
[0,6,0,16]
[0,6,1,11]
[0,6,2,6]
[0,6,3,1]
[0,7,0,6]
[0,7,1,1]
[1,0,0,51]
[1,0,1,46]
[1,0,2,41]
[1,0,3,36]
[1,0,4,31]
[1,0,5,26]
[1,0,6,21]
[1,0,7,16]
[1,0,8,11]
[1,0,9,6]
[1,0,10,1]
[1,1,0,41]
[1,1,1,36]
[1,1,2,31]
[1,1,3,26]
[1,1,4,21]
[1,1,5,16]
[1,1,6,11]
[1,1,7,6]
[1,1,8,1]
[1,2,0,31]
[1,2,1,26]
[1,2,2,21]
[1,2,3,16]
[1,2,4,11]
[1,2,5,6]
[1,2,6,1]
[1,3,0,21]
[1,3,1,16]
[1,3,2,11]
[1,3,3,6]
[1,3,4,1]
[1,4,0,11]
[1,4,1,6]
[1,4,2,1]
[1,5,0,1]
[2,0,0,26]
[2,0,1,21]
[2,0,2,16]
[2,0,3,11]
[2,0,4,6]
[2,0,5,1]
[2,1,0,16]
[2,1,1,11]
[2,1,2,6]
[2,1,3,1]
[2,2,0,6]
[2,2,1,1]
[3,0,0,1]
[0,0,0,79]
[0,0,1,74]
[0,0,2,69]
[0,0,3,64]
[0,0,4,59]
[0,0,5,54]
[0,0,6,49]
[0,0,7,44]
[0,0,8,39]
[0,0,9,34]
[0,0,10,29]
[0,0,11,24]
[0,0,12,19]
[0,0,13,14]
[0,0,14,9]
[0,0,15,4]
[0,1,0,69]
[0,1,1,64]
[0,1,2,59]
[0,1,3,54]
[0,1,4,49]
[0,1,5,44]
[0,1,6,39]
[0,1,7,34]
[0,1,8,29]
[0,1,9,24]
[0,1,10,19]
[0,1,11,14]
[0,1,12,9]
[0,1,13,4]
[0,2,0,59]
[0,2,1,54]
[0,2,2,49]
[0,2,3,44]
[0,2,4,39]
[0,2,5,34]
[0,2,6,29]
[0,2,7,24]
[0,2,8,19]
[0,2,9,14]
[0,2,10,9]
[0,2,11,4]
[0,3,0,49]
[0,3,1,44]
[0,3,2,39]
[0,3,3,34]
[0,3,4,29]
[0,3,5,24]
[0,3,6,19]
[0,3,7,14]
[0,3,8,9]
[0,3,9,4]
[0,4,0,39]
[0,4,1,34]
[0,4,2,29]
[0,4,3,24]
[0,4,4,19]
[0,4,5,14]
[0,4,6,9]
[0,4,7,4]
[0,5,0,29]
[0,5,1,24]
[0,5,2,19]
[0,5,3,14]
[0,5,4,9]
[0,5,5,4]
[0,6,0,19]
[0,6,1,14]
[0,6,2,9]
[0,6,3,4]
[0,7,0,9]
[0,7,1,4]
[1,0,0,54]
[1,0,1,49]
[1,0,2,44]
[1,0,3,39]
[1,0,4,34]
[1,0,5,29]
[1,0,6,24]
[1,0,7,19]
[1,0,8,14]
[1,0,9,9]
[1,0,10,4]
[1,1,0,44]
[1,1,1,39]
[1,1,2,34]
[1,1,3,29]
[1,1,4,24]
[1,1,5,19]
[1,1,6,14]
[1,1,7,9]
[1,1,8,4]
[1,2,0,34]
[1,2,1,29]
[1,2,2,24]
[1,2,3,19]
[1,2,4,14]
[1,2,5,9]
[1,2,6,4]
[1,3,0,24]
[1,3,1,19]
[1,3,2,14]
[1,3,3,9]
[1,3,4,4]
[1,4,0,14]
[1,4,1,9]
[1,4,2,4]
[1,5,0,4]
[2,0,0,29]
[2,0,1,24]
[2,0,2,19]
[2,0,3,14]
[2,0,4,9]
[2,0,5,4]
[2,1,0,19]
[2,1,1,14]
[2,1,2,9]
[2,1,3,4]
[2,2,0,9]
[2,2,1,4]
[3,0,0,4]
[0,0,0,82]
[0,0,1,77]
[0,0,2,72]
[0,0,3,67]
[0,0,4,62]
[0,0,5,57]
[0,0,6,52]
[0,0,7,47]
[0,0,8,42]
[0,0,9,37]
[0,0,10,32]
[0,0,11,27]
[0,0,12,22]
[0,0,13,17]
[0,0,14,12]
[0,0,15,7]
[0,0,16,2]
[0,1,0,72]
[0,1,1,67]
[0,1,2,62]
[0,1,3,57]
[0,1,4,52]
[0,1,5,47]
[0,1,6,42]
[0,1,7,37]
[0,1,8,32]
[0,1,9,27]
[0,1,10,22]
[0,1,11,17]
[0,1,12,12]
[0,1,13,7]
[0,1,14,2]
[0,2,0,62]
[0,2,1,57]
[0,2,2,52]
[0,2,3,47]
[0,2,4,42]
[0,2,5,37]
[0,2,6,32]
[0,2,7,27]
[0,2,8,22]
[0,2,9,17]
[0,2,10,12]
[0,2,11,7]
[0,2,12,2]
[0,3,0,52]
[0,3,1,47]
[0,3,2,42]
[0,3,3,37]
[0,3,4,32]
[0,3,5,27]
[0,3,6,22]
[0,3,7,17]
[0,3,8,12]
[0,3,9,7]
[0,3,10,2]
[0,4,0,42]
[0,4,1,37]
[0,4,2,32]
[0,4,3,27]
[0,4,4,22]
[0,4,5,17]
[0,4,6,12]
[0,4,7,7]
[0,4,8,2]
[0,5,0,32]
[0,5,1,27]
[0,5,2,22]
[0,5,3,17]
[0,5,4,12]
[0,5,5,7]
[0,5,6,2]
[0,6,0,22]
[0,6,1,17]
[0,6,2,12]
[0,6,3,7]
[0,6,4,2]
[0,7,0,12]
[0,7,1,7]
[0,7,2,2]
[0,8,0,2]
[1,0,0,57]
[1,0,1,52]
[1,0,2,47]
[1,0,3,42]
[1,0,4,37]
[1,0,5,32]
[1,0,6,27]
[1,0,7,22]
[1,0,8,17]
[1,0,9,12]
[1,0,10,7]
[1,0,11,2]
[1,1,0,47]
[1,1,1,42]
[1,1,2,37]
[1,1,3,32]
[1,1,4,27]
[1,1,5,22]
[1,1,6,17]
[1,1,7,12]
[1,1,8,7]
[1,1,9,2]
[1,2,0,37]
[1,2,1,32]
[1,2,2,27]
[1,2,3,22]
[1,2,4,17]
[1,2,5,12]
[1,2,6,7]
[1,2,7,2]
[1,3,0,27]
[1,3,1,22]
[1,3,2,17]
[1,3,3,12]
[1,3,4,7]
[1,3,5,2]
[1,4,0,17]
[1,4,1,12]
[1,4,2,7]
[1,4,3,2]
[1,5,0,7]
[1,5,1,2]
[2,0,0,32]
[2,0,1,27]
[2,0,2,22]
[2,0,3,17]
[2,0,4,12]
[2,0,5,7]
[2,0,6,2]
[2,1,0,22]
[2,1,1,17]
[2,1,2,12]
[2,1,3,7]
[2,1,4,2]
[2,2,0,12]
[2,2,1,7]
[2,2,2,2]
[2,3,0,2]
[3,0,0,7]
[3,0,1,2]
[0,0,0,91]
[0,0,1,86]
[0,0,2,81]
[0,0,3,76]
[0,0,4,71]
[0,0,5,66]
[0,0,6,61]
[0,0,7,56]
[0,0,8,51]
[0,0,9,46]
[0,0,10,41]
[0,0,11,36]
[0,0,12,31]
[0,0,13,26]
[0,0,14,21]
[0,0,15,16]
[0,0,16,11]
[0,0,17,6]
[0,0,18,1]
[0,1,0,81]
[0,1,1,76]
[0,1,2,71]
[0,1,3,66]
[0,1,4,61]
[0,1,5,56]
[0,1,6,51]
[0,1,7,46]
[0,1,8,41]
[0,1,9,36]
[0,1,10,31]
[0,1,11,26]
[0,1,12,21]
[0,1,13,16]
[0,1,14,11]
[0,1,15,6]
[0,1,16,1]
[0,2,0,71]
[0,2,1,66]
[0,2,2,61]
[0,2,3,56]
[0,2,4,51]
[0,2,5,46]
[0,2,6,41]
[0,2,7,36]
[0,2,8,31]
[0,2,9,26]
[0,2,10,21]
[0,2,11,16]
[0,2,12,11]
[0,2,13,6]
[0,2,14,1]
[0,3,0,61]
[0,3,1,56]
[0,3,2,51]
[0,3,3,46]
[0,3,4,41]
[0,3,5,36]
[0,3,6,31]
[0,3,7,26]
[0,3,8,21]
[0,3,9,16]
[0,3,10,11]
[0,3,11,6]
[0,3,12,1]
[0,4,0,51]
[0,4,1,46]
[0,4,2,41]
[0,4,3,36]
[0,4,4,31]
[0,4,5,26]
[0,4,6,21]
[0,4,7,16]
[0,4,8,11]
[0,4,9,6]
[0,4,10,1]
[0,5,0,41]
[0,5,1,36]
[0,5,2,31]
[0,5,3,26]
[0,5,4,21]
[0,5,5,16]
[0,5,6,11]
[0,5,7,6]
[0,5,8,1]
[0,6,0,31]
[0,6,1,26]
[0,6,2,21]
[0,6,3,16]
[0,6,4,11]
[0,6,5,6]
[0,6,6,1]
[0,7,0,21]
[0,7,1,16]
[0,7,2,11]
[0,7,3,6]
[0,7,4,1]
[0,8,0,11]
[0,8,1,6]
[0,8,2,1]
[0,9,0,1]
[1,0,0,66]
[1,0,1,61]
[1,0,2,56]
[1,0,3,51]
[1,0,4,46]
[1,0,5,41]
[1,0,6,36]
[1,0,7,31]
[1,0,8,26]
[1,0,9,21]
[1,0,10,16]
[1,0,11,11]
[1,0,12,6]
[1,0,13,1]
[1,1,0,56]
[1,1,1,51]
[1,1,2,46]
[1,1,3,41]
[1,1,4,36]
[1,1,5,31]
[1,1,6,26]
[1,1,7,21]
[1,1,8,16]
[1,1,9,11]
[1,1,10,6]
[1,1,11,1]
[1,2,0,46]
[1,2,1,41]
[1,2,2,36]
[1,2,3,31]
[1,2,4,26]
[1,2,5,21]
[1,2,6,16]
[1,2,7,11]
[1,2,8,6]
[1,2,9,1]
[1,3,0,36]
[1,3,1,31]
[1,3,2,26]
[1,3,3,21]
[1,3,4,16]
[1,3,5,11]
[1,3,6,6]
[1,3,7,1]
[1,4,0,26]
[1,4,1,21]
[1,4,2,16]
[1,4,3,11]
[1,4,4,6]
[1,4,5,1]
[1,5,0,16]
[1,5,1,11]
[1,5,2,6]
[1,5,3,1]
[1,6,0,6]
[1,6,1,1]
[2,0,0,41]
[2,0,1,36]
[2,0,2,31]
[2,0,3,26]
[2,0,4,21]
[2,0,5,16]
[2,0,6,11]
[2,0,7,6]
[2,0,8,1]
[2,1,0,31]
[2,1,1,26]
[2,1,2,21]
[2,1,3,16]
[2,1,4,11]
[2,1,5,6]
[2,1,6,1]
[2,2,0,21]
[2,2,1,16]
[2,2,2,11]
[2,2,3,6]
[2,2,4,1]
[2,3,0,11]
[2,3,1,6]
[2,3,2,1]
[2,4,0,1]
[3,0,0,16]
[3,0,1,11]
[3,0,2,6]
[3,0,3,1]
[3,1,0,6]
[3,1,1,1]
[0,0,0,94]
[0,0,1,89]
[0,0,2,84]
[0,0,3,79]
[0,0,4,74]
[0,0,5,69]
[0,0,6,64]
[0,0,7,59]
[0,0,8,54]
[0,0,9,49]
[0,0,10,44]
[0,0,11,39]
[0,0,12,34]
[0,0,13,29]
[0,0,14,24]
[0,0,15,19]
[0,0,16,14]
[0,0,17,9]
[0,0,18,4]
[0,1,0,84]
[0,1,1,79]
[0,1,2,74]
[0,1,3,69]
[0,1,4,64]
[0,1,5,59]
[0,1,6,54]
[0,1,7,49]
[0,1,8,44]
[0,1,9,39]
[0,1,10,34]
[0,1,11,29]
[0,1,12,24]
[0,1,13,19]
[0,1,14,14]
[0,1,15,9]
[0,1,16,4]
[0,2,0,74]
[0,2,1,69]
[0,2,2,64]
[0,2,3,59]
[0,2,4,54]
[0,2,5,49]
[0,2,6,44]
[0,2,7,39]
[0,2,8,34]
[0,2,9,29]
[0,2,10,24]
[0,2,11,19]
[0,2,12,14]
[0,2,13,9]
[0,2,14,4]
[0,3,0,64]
[0,3,1,59]
[0,3,2,54]
[0,3,3,49]
[0,3,4,44]
[0,3,5,39]
[0,3,6,34]
[0,3,7,29]
[0,3,8,24]
[0,3,9,19]
[0,3,10,14]
[0,3,11,9]
[0,3,12,4]
[0,4,0,54]
[0,4,1,49]
[0,4,2,44]
[0,4,3,39]
[0,4,4,34]
[0,4,5,29]
[0,4,6,24]
[0,4,7,19]
[0,4,8,14]
[0,4,9,9]
[0,4,10,4]
[0,5,0,44]
[0,5,1,39]
[0,5,2,34]
[0,5,3,29]
[0,5,4,24]
[0,5,5,19]
[0,5,6,14]
[0,5,7,9]
[0,5,8,4]
[0,6,0,34]
[0,6,1,29]
[0,6,2,24]
[0,6,3,19]
[0,6,4,14]
[0,6,5,9]
[0,6,6,4]
[0,7,0,24]
[0,7,1,19]
[0,7,2,14]
[0,7,3,9]
[0,7,4,4]
[0,8,0,14]
[0,8,1,9]
[0,8,2,4]
[0,9,0,4]
[1,0,0,69]
[1,0,1,64]
[1,0,2,59]
[1,0,3,54]
[1,0,4,49]
[1,0,5,44]
[1,0,6,39]
[1,0,7,34]
[1,0,8,29]
[1,0,9,24]
[1,0,10,19]
[1,0,11,14]
[1,0,12,9]
[1,0,13,4]
[1,1,0,59]
[1,1,1,54]
[1,1,2,49]
[1,1,3,44]
[1,1,4,39]
[1,1,5,34]
[1,1,6,29]
[1,1,7,24]
[1,1,8,19]
[1,1,9,14]
[1,1,10,9]
[1,1,11,4]
[1,2,0,49]
[1,2,1,44]
[1,2,2,39]
[1,2,3,34]
[1,2,4,29]
[1,2,5,24]
[1,2,6,19]
[1,2,7,14]
[1,2,8,9]
[1,2,9,4]
[1,3,0,39]
[1,3,1,34]
[1,3,2,29]
[1,3,3,24]
[1,3,4,19]
[1,3,5,14]
[1,3,6,9]
[1,3,7,4]
[1,4,0,29]
[1,4,1,24]
[1,4,2,19]
[1,4,3,14]
[1,4,4,9]
[1,4,5,4]
[1,5,0,19]
[1,5,1,14]
[1,5,2,9]
[1,5,3,4]
[1,6,0,9]
[1,6,1,4]
[2,0,0,44]
[2,0,1,39]
[2,0,2,34]
[2,0,3,29]
[2,0,4,24]
[2,0,5,19]
[2,0,6,14]
[2,0,7,9]
[2,0,8,4]
[2,1,0,34]
[2,1,1,29]
[2,1,2,24]
[2,1,3,19]
[2,1,4,14]
[2,1,5,9]
[2,1,6,4]
[2,2,0,24]
[2,2,1,19]
[2,2,2,14]
[2,2,3,9]
[2,2,4,4]
[2,3,0,14]
[2,3,1,9]
[2,3,2,4]
[2,4,0,4]
[3,0,0,19]
[3,0,1,14]
[3,0,2,9]
[3,0,3,4]
[3,1,0,9]
[3,1,1,4]
[0,0,0,97]
[0,0,1,92]
[0,0,2,87]
[0,0,3,82]
[0,0,4,77]
[0,0,5,72]
[0,0,6,67]
[0,0,7,62]
[0,0,8,57]
[0,0,9,52]
[0,0,10,47]
[0,0,11,42]
[0,0,12,37]
[0,0,13,32]
[0,0,14,27]
[0,0,15,22]
[0,0,16,17]
[0,0,17,12]
[0,0,18,7]
[0,0,19,2]
[0,1,0,87]
[0,1,1,82]
[0,1,2,77]
[0,1,3,72]
[0,1,4,67]
[0,1,5,62]
[0,1,6,57]
[0,1,7,52]
[0,1,8,47]
[0,1,9,42]
[0,1,10,37]
[0,1,11,32]
[0,1,12,27]
[0,1,13,22]
[0,1,14,17]
[0,1,15,12]
[0,1,16,7]
[0,1,17,2]
[0,2,0,77]
[0,2,1,72]
[0,2,2,67]
[0,2,3,62]
[0,2,4,57]
[0,2,5,52]
[0,2,6,47]
[0,2,7,42]
[0,2,8,37]
[0,2,9,32]
[0,2,10,27]
[0,2,11,22]
[0,2,12,17]
[0,2,13,12]
[0,2,14,7]
[0,2,15,2]
[0,3,0,67]
[0,3,1,62]
[0,3,2,57]
[0,3,3,52]
[0,3,4,47]
[0,3,5,42]
[0,3,6,37]
[0,3,7,32]
[0,3,8,27]
[0,3,9,22]
[0,3,10,17]
[0,3,11,12]
[0,3,12,7]
[0,3,13,2]
[0,4,0,57]
[0,4,1,52]
[0,4,2,47]
[0,4,3,42]
[0,4,4,37]
[0,4,5,32]
[0,4,6,27]
[0,4,7,22]
[0,4,8,17]
[0,4,9,12]
[0,4,10,7]
[0,4,11,2]
[0,5,0,47]
[0,5,1,42]
[0,5,2,37]
[0,5,3,32]
[0,5,4,27]
[0,5,5,22]
[0,5,6,17]
[0,5,7,12]
[0,5,8,7]
[0,5,9,2]
[0,6,0,37]
[0,6,1,32]
[0,6,2,27]
[0,6,3,22]
[0,6,4,17]
[0,6,5,12]
[0,6,6,7]
[0,6,7,2]
[0,7,0,27]
[0,7,1,22]
[0,7,2,17]
[0,7,3,12]
[0,7,4,7]
[0,7,5,2]
[0,8,0,17]
[0,8,1,12]
[0,8,2,7]
[0,8,3,2]
[0,9,0,7]
[0,9,1,2]
[1,0,0,72]
[1,0,1,67]
[1,0,2,62]
[1,0,3,57]
[1,0,4,52]
[1,0,5,47]
[1,0,6,42]
[1,0,7,37]
[1,0,8,32]
[1,0,9,27]
[1,0,10,22]
[1,0,11,17]
[1,0,12,12]
[1,0,13,7]
[1,0,14,2]
[1,1,0,62]
[1,1,1,57]
[1,1,2,52]
[1,1,3,47]
[1,1,4,42]
[1,1,5,37]
[1,1,6,32]
[1,1,7,27]
[1,1,8,22]
[1,1,9,17]
[1,1,10,12]
[1,1,11,7]
[1,1,12,2]
[1,2,0,52]
[1,2,1,47]
[1,2,2,42]
[1,2,3,37]
[1,2,4,32]
[1,2,5,27]
[1,2,6,22]
[1,2,7,17]
[1,2,8,12]
[1,2,9,7]
[1,2,10,2]
[1,3,0,42]
[1,3,1,37]
[1,3,2,32]
[1,3,3,27]
[1,3,4,22]
[1,3,5,17]
[1,3,6,12]
[1,3,7,7]
[1,3,8,2]
[1,4,0,32]
[1,4,1,27]
[1,4,2,22]
[1,4,3,17]
[1,4,4,12]
[1,4,5,7]
[1,4,6,2]
[1,5,0,22]
[1,5,1,17]
[1,5,2,12]
[1,5,3,7]
[1,5,4,2]
[1,6,0,12]
[1,6,1,7]
[1,6,2,2]
[1,7,0,2]
[2,0,0,47]
[2,0,1,42]
[2,0,2,37]
[2,0,3,32]
[2,0,4,27]
[2,0,5,22]
[2,0,6,17]
[2,0,7,12]
[2,0,8,7]
[2,0,9,2]
[2,1,0,37]
[2,1,1,32]
[2,1,2,27]
[2,1,3,22]
[2,1,4,17]
[2,1,5,12]
[2,1,6,7]
[2,1,7,2]
[2,2,0,27]
[2,2,1,22]
[2,2,2,17]
[2,2,3,12]
[2,2,4,7]
[2,2,5,2]
[2,3,0,17]
[2,3,1,12]
[2,3,2,7]
[2,3,3,2]
[2,4,0,7]
[2,4,1,2]
[3,0,0,22]
[3,0,1,17]
[3,0,2,12]
[3,0,3,7]
[3,0,4,2]
[3,1,0,12]
[3,1,1,7]
[3,1,2,2]
[3,2,0,2]
[0,0,0,101]
[0,0,1,96]
[0,0,2,91]
[0,0,3,86]
[0,0,4,81]
[0,0,5,76]
[0,0,6,71]
[0,0,7,66]
[0,0,8,61]
[0,0,9,56]
[0,0,10,51]
[0,0,11,46]
[0,0,12,41]
[0,0,13,36]
[0,0,14,31]
[0,0,15,26]
[0,0,16,21]
[0,0,17,16]
[0,0,18,11]
[0,0,19,6]
[0,0,20,1]
[0,1,0,91]
[0,1,1,86]
[0,1,2,81]
[0,1,3,76]
[0,1,4,71]
[0,1,5,66]
[0,1,6,61]
[0,1,7,56]
[0,1,8,51]
[0,1,9,46]
[0,1,10,41]
[0,1,11,36]
[0,1,12,31]
[0,1,13,26]
[0,1,14,21]
[0,1,15,16]
[0,1,16,11]
[0,1,17,6]
[0,1,18,1]
[0,2,0,81]
[0,2,1,76]
[0,2,2,71]
[0,2,3,66]
[0,2,4,61]
[0,2,5,56]
[0,2,6,51]
[0,2,7,46]
[0,2,8,41]
[0,2,9,36]
[0,2,10,31]
[0,2,11,26]
[0,2,12,21]
[0,2,13,16]
[0,2,14,11]
[0,2,15,6]
[0,2,16,1]
[0,3,0,71]
[0,3,1,66]
[0,3,2,61]
[0,3,3,56]
[0,3,4,51]
[0,3,5,46]
[0,3,6,41]
[0,3,7,36]
[0,3,8,31]
[0,3,9,26]
[0,3,10,21]
[0,3,11,16]
[0,3,12,11]
[0,3,13,6]
[0,3,14,1]
[0,4,0,61]
[0,4,1,56]
[0,4,2,51]
[0,4,3,46]
[0,4,4,41]
[0,4,5,36]
[0,4,6,31]
[0,4,7,26]
[0,4,8,21]
[0,4,9,16]
[0,4,10,11]
[0,4,11,6]
[0,4,12,1]
[0,5,0,51]
[0,5,1,46]
[0,5,2,41]
[0,5,3,36]
[0,5,4,31]
[0,5,5,26]
[0,5,6,21]
[0,5,7,16]
[0,5,8,11]
[0,5,9,6]
[0,5,10,1]
[0,6,0,41]
[0,6,1,36]
[0,6,2,31]
[0,6,3,26]
[0,6,4,21]
[0,6,5,16]
[0,6,6,11]
[0,6,7,6]
[0,6,8,1]
[0,7,0,31]
[0,7,1,26]
[0,7,2,21]
[0,7,3,16]
[0,7,4,11]
[0,7,5,6]
[0,7,6,1]
[0,8,0,21]
[0,8,1,16]
[0,8,2,11]
[0,8,3,6]
[0,8,4,1]
[0,9,0,11]
[0,9,1,6]
[0,9,2,1]
[0,10,0,1]
[1,0,0,76]
[1,0,1,71]
[1,0,2,66]
[1,0,3,61]
[1,0,4,56]
[1,0,5,51]
[1,0,6,46]
[1,0,7,41]
[1,0,8,36]
[1,0,9,31]
[1,0,10,26]
[1,0,11,21]
[1,0,12,16]
[1,0,13,11]
[1,0,14,6]
[1,0,15,1]
[1,1,0,66]
[1,1,1,61]
[1,1,2,56]
[1,1,3,51]
[1,1,4,46]
[1,1,5,41]
[1,1,6,36]
[1,1,7,31]
[1,1,8,26]
[1,1,9,21]
[1,1,10,16]
[1,1,11,11]
[1,1,12,6]
[1,1,13,1]
[1,2,0,56]
[1,2,1,51]
[1,2,2,46]
[1,2,3,41]
[1,2,4,36]
[1,2,5,31]
[1,2,6,26]
[1,2,7,21]
[1,2,8,16]
[1,2,9,11]
[1,2,10,6]
[1,2,11,1]
[1,3,0,46]
[1,3,1,41]
[1,3,2,36]
[1,3,3,31]
[1,3,4,26]
[1,3,5,21]
[1,3,6,16]
[1,3,7,11]
[1,3,8,6]
[1,3,9,1]
[1,4,0,36]
[1,4,1,31]
[1,4,2,26]
[1,4,3,21]
[1,4,4,16]
[1,4,5,11]
[1,4,6,6]
[1,4,7,1]
[1,5,0,26]
[1,5,1,21]
[1,5,2,16]
[1,5,3,11]
[1,5,4,6]
[1,5,5,1]
[1,6,0,16]
[1,6,1,11]
[1,6,2,6]
[1,6,3,1]
[1,7,0,6]
[1,7,1,1]
[2,0,0,51]
[2,0,1,46]
[2,0,2,41]
[2,0,3,36]
[2,0,4,31]
[2,0,5,26]
[2,0,6,21]
[2,0,7,16]
[2,0,8,11]
[2,0,9,6]
[2,0,10,1]
[2,1,0,41]
[2,1,1,36]
[2,1,2,31]
[2,1,3,26]
[2,1,4,21]
[2,1,5,16]
[2,1,6,11]
[2,1,7,6]
[2,1,8,1]
[2,2,0,31]
[2,2,1,26]
[2,2,2,21]
[2,2,3,16]
[2,2,4,11]
[2,2,5,6]
[2,2,6,1]
[2,3,0,21]
[2,3,1,16]
[2,3,2,11]
[2,3,3,6]
[2,3,4,1]
[2,4,0,11]
[2,4,1,6]
[2,4,2,1]
[2,5,0,1]
[3,0,0,26]
[3,0,1,21]
[3,0,2,16]
[3,0,3,11]
[3,0,4,6]
[3,0,5,1]
[3,1,0,16]
[3,1,1,11]
[3,1,2,6]
[3,1,3,1]
[3,2,0,6]
[3,2,1,1]
[4,0,0,1]
[0,0,0,75]
[0,0,1,70]
[0,0,2,65]
[0,0,3,60]
[0,0,4,55]
[0,0,5,50]
[0,0,6,45]
[0,0,7,40]
[0,0,8,35]
[0,0,9,30]
[0,0,10,25]
[0,0,11,20]
[0,0,12,15]
[0,0,13,10]
[0,0,14,5]
[0,0,15,0]
[0,1,0,65]
[0,1,1,60]
[0,1,2,55]
[0,1,3,50]
[0,1,4,45]
[0,1,5,40]
[0,1,6,35]
[0,1,7,30]
[0,1,8,25]
[0,1,9,20]
[0,1,10,15]
[0,1,11,10]
[0,1,12,5]
[0,1,13,0]
[0,2,0,55]
[0,2,1,50]
[0,2,2,45]
[0,2,3,40]
[0,2,4,35]
[0,2,5,30]
[0,2,6,25]
[0,2,7,20]
[0,2,8,15]
[0,2,9,10]
[0,2,10,5]
[0,2,11,0]
[0,3,0,45]
[0,3,1,40]
[0,3,2,35]
[0,3,3,30]
[0,3,4,25]
[0,3,5,20]
[0,3,6,15]
[0,3,7,10]
[0,3,8,5]
[0,3,9,0]
[0,4,0,35]
[0,4,1,30]
[0,4,2,25]
[0,4,3,20]
[0,4,4,15]
[0,4,5,10]
[0,4,6,5]
[0,4,7,0]
[0,5,0,25]
[0,5,1,20]
[0,5,2,15]
[0,5,3,10]
[0,5,4,5]
[0,5,5,0]
[0,6,0,15]
[0,6,1,10]
[0,6,2,5]
[0,6,3,0]
[0,7,0,5]
[0,7,1,0]
[1,0,0,50]
[1,0,1,45]
[1,0,2,40]
[1,0,3,35]
[1,0,4,30]
[1,0,5,25]
[1,0,6,20]
[1,0,7,15]
[1,0,8,10]
[1,0,9,5]
[1,0,10,0]
[1,1,0,40]
[1,1,1,35]
[1,1,2,30]
[1,1,3,25]
[1,1,4,20]
[1,1,5,15]
[1,1,6,10]
[1,1,7,5]
[1,1,8,0]
[1,2,0,30]
[1,2,1,25]
[1,2,2,20]
[1,2,3,15]
[1,2,4,10]
[1,2,5,5]
[1,2,6,0]
[1,3,0,20]
[1,3,1,15]
[1,3,2,10]
[1,3,3,5]
[1,3,4,0]
[1,4,0,10]
[1,4,1,5]
[1,4,2,0]
[1,5,0,0]
[2,0,0,25]
[2,0,1,20]
[2,0,2,15]
[2,0,3,10]
[2,0,4,5]
[2,0,5,0]
[2,1,0,15]
[2,1,1,10]
[2,1,2,5]
[2,1,3,0]
[2,2,0,5]
[2,2,1,0]
[3,0,0,0]
[0,0,0,80]
[0,0,1,75]
[0,0,2,70]
[0,0,3,65]
[0,0,4,60]
[0,0,5,55]
[0,0,6,50]
[0,0,7,45]
[0,0,8,40]
[0,0,9,35]
[0,0,10,30]
[0,0,11,25]
[0,0,12,20]
[0,0,13,15]
[0,0,14,10]
[0,0,15,5]
[0,0,16,0]
[0,1,0,70]
[0,1,1,65]
[0,1,2,60]
[0,1,3,55]
[0,1,4,50]
[0,1,5,45]
[0,1,6,40]
[0,1,7,35]
[0,1,8,30]
[0,1,9,25]
[0,1,10,20]
[0,1,11,15]
[0,1,12,10]
[0,1,13,5]
[0,1,14,0]
[0,2,0,60]
[0,2,1,55]
[0,2,2,50]
[0,2,3,45]
[0,2,4,40]
[0,2,5,35]
[0,2,6,30]
[0,2,7,25]
[0,2,8,20]
[0,2,9,15]
[0,2,10,10]
[0,2,11,5]
[0,2,12,0]
[0,3,0,50]
[0,3,1,45]
[0,3,2,40]
[0,3,3,35]
[0,3,4,30]
[0,3,5,25]
[0,3,6,20]
[0,3,7,15]
[0,3,8,10]
[0,3,9,5]
[0,3,10,0]
[0,4,0,40]
[0,4,1,35]
[0,4,2,30]
[0,4,3,25]
[0,4,4,20]
[0,4,5,15]
[0,4,6,10]
[0,4,7,5]
[0,4,8,0]
[0,5,0,30]
[0,5,1,25]
[0,5,2,20]
[0,5,3,15]
[0,5,4,10]
[0,5,5,5]
[0,5,6,0]
[0,6,0,20]
[0,6,1,15]
[0,6,2,10]
[0,6,3,5]
[0,6,4,0]
[0,7,0,10]
[0,7,1,5]
[0,7,2,0]
[0,8,0,0]
[1,0,0,55]
[1,0,1,50]
[1,0,2,45]
[1,0,3,40]
[1,0,4,35]
[1,0,5,30]
[1,0,6,25]
[1,0,7,20]
[1,0,8,15]
[1,0,9,10]
[1,0,10,5]
[1,0,11,0]
[1,1,0,45]
[1,1,1,40]
[1,1,2,35]
[1,1,3,30]
[1,1,4,25]
[1,1,5,20]
[1,1,6,15]
[1,1,7,10]
[1,1,8,5]
[1,1,9,0]
[1,2,0,35]
[1,2,1,30]
[1,2,2,25]
[1,2,3,20]
[1,2,4,15]
[1,2,5,10]
[1,2,6,5]
[1,2,7,0]
[1,3,0,25]
[1,3,1,20]
[1,3,2,15]
[1,3,3,10]
[1,3,4,5]
[1,3,5,0]
[1,4,0,15]
[1,4,1,10]
[1,4,2,5]
[1,4,3,0]
[1,5,0,5]
[1,5,1,0]
[2,0,0,30]
[2,0,1,25]
[2,0,2,20]
[2,0,3,15]
[2,0,4,10]
[2,0,5,5]
[2,0,6,0]
[2,1,0,20]
[2,1,1,15]
[2,1,2,10]
[2,1,3,5]
[2,1,4,0]
[2,2,0,10]
[2,2,1,5]
[2,2,2,0]
[2,3,0,0]
[3,0,0,5]
[3,0,1,0]
[0,0,0,85]
[0,0,1,80]
[0,0,2,75]
[0,0,3,70]
[0,0,4,65]
[0,0,5,60]
[0,0,6,55]
[0,0,7,50]
[0,0,8,45]
[0,0,9,40]
[0,0,10,35]
[0,0,11,30]
[0,0,12,25]
[0,0,13,20]
[0,0,14,15]
[0,0,15,10]
[0,0,16,5]
[0,0,17,0]
[0,1,0,75]
[0,1,1,70]
[0,1,2,65]
[0,1,3,60]
[0,1,4,55]
[0,1,5,50]
[0,1,6,45]
[0,1,7,40]
[0,1,8,35]
[0,1,9,30]
[0,1,10,25]
[0,1,11,20]
[0,1,12,15]
[0,1,13,10]
[0,1,14,5]
[0,1,15,0]
[0,2,0,65]
[0,2,1,60]
[0,2,2,55]
[0,2,3,50]
[0,2,4,45]
[0,2,5,40]
[0,2,6,35]
[0,2,7,30]
[0,2,8,25]
[0,2,9,20]
[0,2,10,15]
[0,2,11,10]
[0,2,12,5]
[0,2,13,0]
[0,3,0,55]
[0,3,1,50]
[0,3,2,45]
[0,3,3,40]
[0,3,4,35]
[0,3,5,30]
[0,3,6,25]
[0,3,7,20]
[0,3,8,15]
[0,3,9,10]
[0,3,10,5]
[0,3,11,0]
[0,4,0,45]
[0,4,1,40]
[0,4,2,35]
[0,4,3,30]
[0,4,4,25]
[0,4,5,20]
[0,4,6,15]
[0,4,7,10]
[0,4,8,5]
[0,4,9,0]
[0,5,0,35]
[0,5,1,30]
[0,5,2,25]
[0,5,3,20]
[0,5,4,15]
[0,5,5,10]
[0,5,6,5]
[0,5,7,0]
[0,6,0,25]
[0,6,1,20]
[0,6,2,15]
[0,6,3,10]
[0,6,4,5]
[0,6,5,0]
[0,7,0,15]
[0,7,1,10]
[0,7,2,5]
[0,7,3,0]
[0,8,0,5]
[0,8,1,0]
[1,0,0,60]
[1,0,1,55]
[1,0,2,50]
[1,0,3,45]
[1,0,4,40]
[1,0,5,35]
[1,0,6,30]
[1,0,7,25]
[1,0,8,20]
[1,0,9,15]
[1,0,10,10]
[1,0,11,5]
[1,0,12,0]
[1,1,0,50]
[1,1,1,45]
[1,1,2,40]
[1,1,3,35]
[1,1,4,30]
[1,1,5,25]
[1,1,6,20]
[1,1,7,15]
[1,1,8,10]
[1,1,9,5]
[1,1,10,0]
[1,2,0,40]
[1,2,1,35]
[1,2,2,30]
[1,2,3,25]
[1,2,4,20]
[1,2,5,15]
[1,2,6,10]
[1,2,7,5]
[1,2,8,0]
[1,3,0,30]
[1,3,1,25]
[1,3,2,20]
[1,3,3,15]
[1,3,4,10]
[1,3,5,5]
[1,3,6,0]
[1,4,0,20]
[1,4,1,15]
[1,4,2,10]
[1,4,3,5]
[1,4,4,0]
[1,5,0,10]
[1,5,1,5]
[1,5,2,0]
[1,6,0,0]
[2,0,0,35]
[2,0,1,30]
[2,0,2,25]
[2,0,3,20]
[2,0,4,15]
[2,0,5,10]
[2,0,6,5]
[2,0,7,0]
[2,1,0,25]
[2,1,1,20]
[2,1,2,15]
[2,1,3,10]
[2,1,4,5]
[2,1,5,0]
[2,2,0,15]
[2,2,1,10]
[2,2,2,5]
[2,2,3,0]
[2,3,0,5]
[2,3,1,0]
[3,0,0,10]
[3,0,1,5]
[3,0,2,0]
[3,1,0,0]
[0,0,0,90]
[0,0,1,85]
[0,0,2,80]
[0,0,3,75]
[0,0,4,70]
[0,0,5,65]
[0,0,6,60]
[0,0,7,55]
[0,0,8,50]
[0,0,9,45]
[0,0,10,40]
[0,0,11,35]
[0,0,12,30]
[0,0,13,25]
[0,0,14,20]
[0,0,15,15]
[0,0,16,10]
[0,0,17,5]
[0,0,18,0]
[0,1,0,80]
[0,1,1,75]
[0,1,2,70]
[0,1,3,65]
[0,1,4,60]
[0,1,5,55]
[0,1,6,50]
[0,1,7,45]
[0,1,8,40]
[0,1,9,35]
[0,1,10,30]
[0,1,11,25]
[0,1,12,20]
[0,1,13,15]
[0,1,14,10]
[0,1,15,5]
[0,1,16,0]
[0,2,0,70]
[0,2,1,65]
[0,2,2,60]
[0,2,3,55]
[0,2,4,50]
[0,2,5,45]
[0,2,6,40]
[0,2,7,35]
[0,2,8,30]
[0,2,9,25]
[0,2,10,20]
[0,2,11,15]
[0,2,12,10]
[0,2,13,5]
[0,2,14,0]
[0,3,0,60]
[0,3,1,55]
[0,3,2,50]
[0,3,3,45]
[0,3,4,40]
[0,3,5,35]
[0,3,6,30]
[0,3,7,25]
[0,3,8,20]
[0,3,9,15]
[0,3,10,10]
[0,3,11,5]
[0,3,12,0]
[0,4,0,50]
[0,4,1,45]
[0,4,2,40]
[0,4,3,35]
[0,4,4,30]
[0,4,5,25]
[0,4,6,20]
[0,4,7,15]
[0,4,8,10]
[0,4,9,5]
[0,4,10,0]
[0,5,0,40]
[0,5,1,35]
[0,5,2,30]
[0,5,3,25]
[0,5,4,20]
[0,5,5,15]
[0,5,6,10]
[0,5,7,5]
[0,5,8,0]
[0,6,0,30]
[0,6,1,25]
[0,6,2,20]
[0,6,3,15]
[0,6,4,10]
[0,6,5,5]
[0,6,6,0]
[0,7,0,20]
[0,7,1,15]
[0,7,2,10]
[0,7,3,5]
[0,7,4,0]
[0,8,0,10]
[0,8,1,5]
[0,8,2,0]
[0,9,0,0]
[1,0,0,65]
[1,0,1,60]
[1,0,2,55]
[1,0,3,50]
[1,0,4,45]
[1,0,5,40]
[1,0,6,35]
[1,0,7,30]
[1,0,8,25]
[1,0,9,20]
[1,0,10,15]
[1,0,11,10]
[1,0,12,5]
[1,0,13,0]
[1,1,0,55]
[1,1,1,50]
[1,1,2,45]
[1,1,3,40]
[1,1,4,35]
[1,1,5,30]
[1,1,6,25]
[1,1,7,20]
[1,1,8,15]
[1,1,9,10]
[1,1,10,5]
[1,1,11,0]
[1,2,0,45]
[1,2,1,40]
[1,2,2,35]
[1,2,3,30]
[1,2,4,25]
[1,2,5,20]
[1,2,6,15]
[1,2,7,10]
[1,2,8,5]
[1,2,9,0]
[1,3,0,35]
[1,3,1,30]
[1,3,2,25]
[1,3,3,20]
[1,3,4,15]
[1,3,5,10]
[1,3,6,5]
[1,3,7,0]
[1,4,0,25]
[1,4,1,20]
[1,4,2,15]
[1,4,3,10]
[1,4,4,5]
[1,4,5,0]
[1,5,0,15]
[1,5,1,10]
[1,5,2,5]
[1,5,3,0]
[1,6,0,5]
[1,6,1,0]
[2,0,0,40]
[2,0,1,35]
[2,0,2,30]
[2,0,3,25]
[2,0,4,20]
[2,0,5,15]
[2,0,6,10]
[2,0,7,5]
[2,0,8,0]
[2,1,0,30]
[2,1,1,25]
[2,1,2,20]
[2,1,3,15]
[2,1,4,10]
[2,1,5,5]
[2,1,6,0]
[2,2,0,20]
[2,2,1,15]
[2,2,2,10]
[2,2,3,5]
[2,2,4,0]
[2,3,0,10]
[2,3,1,5]
[2,3,2,0]
[2,4,0,0]
[3,0,0,15]
[3,0,1,10]
[3,0,2,5]
[3,0,3,0]
[3,1,0,5]
[3,1,1,0]
[0,0,0,95]
[0,0,1,90]
[0,0,2,85]
[0,0,3,80]
[0,0,4,75]
[0,0,5,70]
[0,0,6,65]
[0,0,7,60]
[0,0,8,55]
[0,0,9,50]
[0,0,10,45]
[0,0,11,40]
[0,0,12,35]
[0,0,13,30]
[0,0,14,25]
[0,0,15,20]
[0,0,16,15]
[0,0,17,10]
[0,0,18,5]
[0,0,19,0]
[0,1,0,85]
[0,1,1,80]
[0,1,2,75]
[0,1,3,70]
[0,1,4,65]
[0,1,5,60]
[0,1,6,55]
[0,1,7,50]
[0,1,8,45]
[0,1,9,40]
[0,1,10,35]
[0,1,11,30]
[0,1,12,25]
[0,1,13,20]
[0,1,14,15]
[0,1,15,10]
[0,1,16,5]
[0,1,17,0]
[0,2,0,75]
[0,2,1,70]
[0,2,2,65]
[0,2,3,60]
[0,2,4,55]
[0,2,5,50]
[0,2,6,45]
[0,2,7,40]
[0,2,8,35]
[0,2,9,30]
[0,2,10,25]
[0,2,11,20]
[0,2,12,15]
[0,2,13,10]
[0,2,14,5]
[0,2,15,0]
[0,3,0,65]
[0,3,1,60]
[0,3,2,55]
[0,3,3,50]
[0,3,4,45]
[0,3,5,40]
[0,3,6,35]
[0,3,7,30]
[0,3,8,25]
[0,3,9,20]
[0,3,10,15]
[0,3,11,10]
[0,3,12,5]
[0,3,13,0]
[0,4,0,55]
[0,4,1,50]
[0,4,2,45]
[0,4,3,40]
[0,4,4,35]
[0,4,5,30]
[0,4,6,25]
[0,4,7,20]
[0,4,8,15]
[0,4,9,10]
[0,4,10,5]
[0,4,11,0]
[0,5,0,45]
[0,5,1,40]
[0,5,2,35]
[0,5,3,30]
[0,5,4,25]
[0,5,5,20]
[0,5,6,15]
[0,5,7,10]
[0,5,8,5]
[0,5,9,0]
[0,6,0,35]
[0,6,1,30]
[0,6,2,25]
[0,6,3,20]
[0,6,4,15]
[0,6,5,10]
[0,6,6,5]
[0,6,7,0]
[0,7,0,25]
[0,7,1,20]
[0,7,2,15]
[0,7,3,10]
[0,7,4,5]
[0,7,5,0]
[0,8,0,15]
[0,8,1,10]
[0,8,2,5]
[0,8,3,0]
[0,9,0,5]
[0,9,1,0]
[1,0,0,70]
[1,0,1,65]
[1,0,2,60]
[1,0,3,55]
[1,0,4,50]
[1,0,5,45]
[1,0,6,40]
[1,0,7,35]
[1,0,8,30]
[1,0,9,25]
[1,0,10,20]
[1,0,11,15]
[1,0,12,10]
[1,0,13,5]
[1,0,14,0]
[1,1,0,60]
[1,1,1,55]
[1,1,2,50]
[1,1,3,45]
[1,1,4,40]
[1,1,5,35]
[1,1,6,30]
[1,1,7,25]
[1,1,8,20]
[1,1,9,15]
[1,1,10,10]
[1,1,11,5]
[1,1,12,0]
[1,2,0,50]
[1,2,1,45]
[1,2,2,40]
[1,2,3,35]
[1,2,4,30]
[1,2,5,25]
[1,2,6,20]
[1,2,7,15]
[1,2,8,10]
[1,2,9,5]
[1,2,10,0]
[1,3,0,40]
[1,3,1,35]
[1,3,2,30]
[1,3,3,25]
[1,3,4,20]
[1,3,5,15]
[1,3,6,10]
[1,3,7,5]
[1,3,8,0]
[1,4,0,30]
[1,4,1,25]
[1,4,2,20]
[1,4,3,15]
[1,4,4,10]
[1,4,5,5]
[1,4,6,0]
[1,5,0,20]
[1,5,1,15]
[1,5,2,10]
[1,5,3,5]
[1,5,4,0]
[1,6,0,10]
[1,6,1,5]
[1,6,2,0]
[1,7,0,0]
[2,0,0,45]
[2,0,1,40]
[2,0,2,35]
[2,0,3,30]
[2,0,4,25]
[2,0,5,20]
[2,0,6,15]
[2,0,7,10]
[2,0,8,5]
[2,0,9,0]
[2,1,0,35]
[2,1,1,30]
[2,1,2,25]
[2,1,3,20]
[2,1,4,15]
[2,1,5,10]
[2,1,6,5]
[2,1,7,0]
[2,2,0,25]
[2,2,1,20]
[2,2,2,15]
[2,2,3,10]
[2,2,4,5]
[2,2,5,0]
[2,3,0,15]
[2,3,1,10]
[2,3,2,5]
[2,3,3,0]
[2,4,0,5]
[2,4,1,0]
[3,0,0,20]
[3,0,1,15]
[3,0,2,10]
[3,0,3,5]
[3,0,4,0]
[3,1,0,10]
[3,1,1,5]
[3,1,2,0]
[3,2,0,0]
[0,0,0,100]
[0,0,1,95]
[0,0,2,90]
[0,0,3,85]
[0,0,4,80]
[0,0,5,75]
[0,0,6,70]
[0,0,7,65]
[0,0,8,60]
[0,0,9,55]
[0,0,10,50]
[0,0,11,45]
[0,0,12,40]
[0,0,13,35]
[0,0,14,30]
[0,0,15,25]
[0,0,16,20]
[0,0,17,15]
[0,0,18,10]
[0,0,19,5]
[0,0,20,0]
[0,1,0,90]
[0,1,1,85]
[0,1,2,80]
[0,1,3,75]
[0,1,4,70]
[0,1,5,65]
[0,1,6,60]
[0,1,7,55]
[0,1,8,50]
[0,1,9,45]
[0,1,10,40]
[0,1,11,35]
[0,1,12,30]
[0,1,13,25]
[0,1,14,20]
[0,1,15,15]
[0,1,16,10]
[0,1,17,5]
[0,1,18,0]
[0,2,0,80]
[0,2,1,75]
[0,2,2,70]
[0,2,3,65]
[0,2,4,60]
[0,2,5,55]
[0,2,6,50]
[0,2,7,45]
[0,2,8,40]
[0,2,9,35]
[0,2,10,30]
[0,2,11,25]
[0,2,12,20]
[0,2,13,15]
[0,2,14,10]
[0,2,15,5]
[0,2,16,0]
[0,3,0,70]
[0,3,1,65]
[0,3,2,60]
[0,3,3,55]
[0,3,4,50]
[0,3,5,45]
[0,3,6,40]
[0,3,7,35]
[0,3,8,30]
[0,3,9,25]
[0,3,10,20]
[0,3,11,15]
[0,3,12,10]
[0,3,13,5]
[0,3,14,0]
[0,4,0,60]
[0,4,1,55]
[0,4,2,50]
[0,4,3,45]
[0,4,4,40]
[0,4,5,35]
[0,4,6,30]
[0,4,7,25]
[0,4,8,20]
[0,4,9,15]
[0,4,10,10]
[0,4,11,5]
[0,4,12,0]
[0,5,0,50]
[0,5,1,45]
[0,5,2,40]
[0,5,3,35]
[0,5,4,30]
[0,5,5,25]
[0,5,6,20]
[0,5,7,15]
[0,5,8,10]
[0,5,9,5]
[0,5,10,0]
[0,6,0,40]
[0,6,1,35]
[0,6,2,30]
[0,6,3,25]
[0,6,4,20]
[0,6,5,15]
[0,6,6,10]
[0,6,7,5]
[0,6,8,0]
[0,7,0,30]
[0,7,1,25]
[0,7,2,20]
[0,7,3,15]
[0,7,4,10]
[0,7,5,5]
[0,7,6,0]
[0,8,0,20]
[0,8,1,15]
[0,8,2,10]
[0,8,3,5]
[0,8,4,0]
[0,9,0,10]
[0,9,1,5]
[0,9,2,0]
[0,10,0,0]
[1,0,0,75]
[1,0,1,70]
[1,0,2,65]
[1,0,3,60]
[1,0,4,55]
[1,0,5,50]
[1,0,6,45]
[1,0,7,40]
[1,0,8,35]
[1,0,9,30]
[1,0,10,25]
[1,0,11,20]
[1,0,12,15]
[1,0,13,10]
[1,0,14,5]
[1,0,15,0]
[1,1,0,65]
[1,1,1,60]
[1,1,2,55]
[1,1,3,50]
[1,1,4,45]
[1,1,5,40]
[1,1,6,35]
[1,1,7,30]
[1,1,8,25]
[1,1,9,20]
[1,1,10,15]
[1,1,11,10]
[1,1,12,5]
[1,1,13,0]
[1,2,0,55]
[1,2,1,50]
[1,2,2,45]
[1,2,3,40]
[1,2,4,35]
[1,2,5,30]
[1,2,6,25]
[1,2,7,20]
[1,2,8,15]
[1,2,9,10]
[1,2,10,5]
[1,2,11,0]
[1,3,0,45]
[1,3,1,40]
[1,3,2,35]
[1,3,3,30]
[1,3,4,25]
[1,3,5,20]
[1,3,6,15]
[1,3,7,10]
[1,3,8,5]
[1,3,9,0]
[1,4,0,35]
[1,4,1,30]
[1,4,2,25]
[1,4,3,20]
[1,4,4,15]
[1,4,5,10]
[1,4,6,5]
[1,4,7,0]
[1,5,0,25]
[1,5,1,20]
[1,5,2,15]
[1,5,3,10]
[1,5,4,5]
[1,5,5,0]
[1,6,0,15]
[1,6,1,10]
[1,6,2,5]
[1,6,3,0]
[1,7,0,5]
[1,7,1,0]
[2,0,0,50]
[2,0,1,45]
[2,0,2,40]
[2,0,3,35]
[2,0,4,30]
[2,0,5,25]
[2,0,6,20]
[2,0,7,15]
[2,0,8,10]
[2,0,9,5]
[2,0,10,0]
[2,1,0,40]
[2,1,1,35]
[2,1,2,30]
[2,1,3,25]
[2,1,4,20]
[2,1,5,15]
[2,1,6,10]
[2,1,7,5]
[2,1,8,0]
[2,2,0,30]
[2,2,1,25]
[2,2,2,20]
[2,2,3,15]
[2,2,4,10]
[2,2,5,5]
[2,2,6,0]
[2,3,0,20]
[2,3,1,15]
[2,3,2,10]
[2,3,3,5]
[2,3,4,0]
[2,4,0,10]
[2,4,1,5]
[2,4,2,0]
[2,5,0,0]
[3,0,0,25]
[3,0,1,20]
[3,0,2,15]
[3,0,3,10]
[3,0,4,5]
[3,0,5,0]
[3,1,0,15]
[3,1,1,10]
[3,1,2,5]
[3,1,3,0]
[3,2,0,5]
[3,2,1,0]
[4,0,0,0]
[0,0,0,5]
[0,0,1,0]
[0,0,0,10]
[0,0,1,5]
[0,0,2,0]
[0,1,0,0]
[0,0,0,15]
[0,0,1,10]
[0,0,2,5]
[0,0,3,0]
[0,1,0,5]
[0,1,1,0]
[0,0,0,20]
[0,0,1,15]
[0,0,2,10]
[0,0,3,5]
[0,0,4,0]
[0,1,0,10]
[0,1,1,5]
[0,1,2,0]
[0,2,0,0]
[0,0,0,25]
[0,0,1,20]
[0,0,2,15]
[0,0,3,10]
[0,0,4,5]
[0,0,5,0]
[0,1,0,15]
[0,1,1,10]
[0,1,2,5]
[0,1,3,0]
[0,2,0,5]
[0,2,1,0]
[1,0,0,0]
[0,0,0,30]
[0,0,1,25]
[0,0,2,20]
[0,0,3,15]
[0,0,4,10]
[0,0,5,5]
[0,0,6,0]
[0,1,0,20]
[0,1,1,15]
[0,1,2,10]
[0,1,3,5]
[0,1,4,0]
[0,2,0,10]
[0,2,1,5]
[0,2,2,0]
[0,3,0,0]
[1,0,0,5]
[1,0,1,0]
[0,0,0,3]
[0,0,0,6]
[0,0,1,1]
[0,0,0,9]
[0,0,1,4]
[0,0,0,12]
[0,0,1,7]
[0,0,2,2]
[0,1,0,2]
[0,0,0,21]
[0,0,1,16]
[0,0,2,11]
[0,0,3,6]
[0,0,4,1]
[0,1,0,11]
[0,1,1,6]
[0,1,2,1]
[0,2,0,1]
[0,0,0,24]
[0,0,1,19]
[0,0,2,14]
[0,0,3,9]
[0,0,4,4]
[0,1,0,14]
[0,1,1,9]
[0,1,2,4]
[0,2,0,4]
[0,0,0,27]
[0,0,1,22]
[0,0,2,17]
[0,0,3,12]
[0,0,4,7]
[0,0,5,2]
[0,1,0,17]
[0,1,1,12]
[0,1,2,7]
[0,1,3,2]
[0,2,0,7]
[0,2,1,2]
[1,0,0,2]
